{
  "Timestamp": "2025-06-16 12:37:12",
  "ReferenceWeight": 1.34751,
  "CrossSectionCombined": 0.00253459,
  "CrossSectionCombinedError": 7.3336e-06,
  "CrossSectionRun": 0.00253459,
  "CrossSectionRunError": 7.3336e-06,
  "PointsAttempted": 4.89654e+06,
  "PointsAccepted": 1e+06,
  "PercentAccepted": 20.4226,
  "SumWeights": 12410.7,
  "SumWeights2": 1320.93,
  "TimeElapsedMS": 76209,
  "ZeroCount": 3896538
}
