{
  "Timestamp": "2025-06-15 16:37:09",
  "ReferenceWeight": 43.6394,
  "CrossSectionCombined": 0.714638,
  "CrossSectionCombinedError": 0.000833351,
  "CrossSectionRun": 0.714638,
  "CrossSectionRunError": 0.000833351,
  "PointsAttempted": 9.7349e+06,
  "PointsAccepted": 1e+06,
  "PercentAccepted": 10.2723,
  "SumWeights": 6.95694e+06,
  "SumWeights2": 7.07858e+07,
  "TimeElapsedMS": 35689,
  "ZeroCount": 8734905
}
