{
  "Timestamp": "2025-06-12 18:13:03",
  "ReferenceWeight": 6.41719,
  "CrossSectionCombined": 0.00889166,
  "CrossSectionCombinedError": 1.35939e-05,
  "CrossSectionRun": 0.00889166,
  "CrossSectionRunError": 1.35939e-05,
  "PointsAttempted": 4.35678e+07,
  "PointsAccepted": 1e+06,
  "PercentAccepted": 2.29527,
  "SumWeights": 387390,
  "SumWeights2": 354209,
  "TimeElapsedMS": 874265,
  "ZeroCount": 42567767
}
