{
  "Timestamp": "2025-06-12 17:33:05",
  "ReferenceWeight": 10.4326,
  "CrossSectionCombined": 0.00848115,
  "CrossSectionCombinedError": 1.08071e-05,
  "CrossSectionRun": 0.00848115,
  "CrossSectionRunError": 1.08071e-05,
  "PointsAttempted": 1.23345e+08,
  "PointsAccepted": 1e+06,
  "PercentAccepted": 0.810734,
  "SumWeights": 1.04611e+06,
  "SumWeights2": 1.78578e+06,
  "TimeElapsedMS": 2386808,
  "ZeroCount": 122345044
}
